8 0.1859375 0.82421875 0.29453125 0.23359375
5 0.56328125 0.69453125 0.2265625 0.19296875
5 0.546875 0.56328125 0.17734375 0.15703125
2 0.5828125 0.4890625 0.125 0.09453125
6 0.5515625 0.43125 0.11640625 0.121875
6 0.76015625 0.43203125 0.1234375 0.13515625
7 0.634375 0.38203125 0.1 0.121875
9 0.7484375 0.31328125 0.10078125 0.10546875
2 0.50390625 0.36171875 0.096875 0.1109375
3 0.5015625 0.29453125 0.0953125 0.075
0 0.63203125 0.27734375 0.09296875 0.09140625
7 0.69609375 0.2453125 0.0765625 0.0859375
8 0.5265625 0.2296875 0.078125 0.08046875
1 0.4359375 0.26796875 0.078125 0.10234375
4 0.48046875 0.184375 0.07109375 0.07265625
3 0.6125 0.1625 0.0671875 0.06953125
9 0.6203125 0.21328125 0.08671875 0.0765625
0 0.70859375 0.14296875 0.0640625 0.07109375
4 0.56953125 0.13046875 0.06015625 0.0671875
1 0.45625 0.12109375 0.05859375 0.0640625