5 0.5265625 0.8765625 0.30546875 0.19921875
5 0.4859375 0.73359375 0.16796875 0.16015625
6 0.37578125 0.70546875 0.16484375 0.14921875
6 0.88203125 0.59921875 0.1515625 0.13984375
8 0.7578125 0.73515625 0.18671875 0.1765625
2 0.58359375 0.6234375 0.15390625 0.13359375
7 0.41171875 0.57890625 0.1359375 0.1265625
7 0.41484375 0.48046875 0.109375 0.1046875
4 0.3734375 0.4484375 0.1015625 0.09453125
4 0.73828125 0.4859375 0.121875 0.1140625
0 0.78671875 0.5625 0.125 0.1234375
0 0.3234375 0.39765625 0.09375 0.09140625
3 0.41484375 0.37421875 0.09453125 0.08671875
3 0.51796875 0.41484375 0.1015625 0.09140625
9 0.53671875 0.3640625 0.1 0.08671875
9 0.678125 0.4046875 0.103125 0.09296875
1 0.584375 0.53046875 0.125 0.1078125
8 0.14609375 0.065625 0.040625 0.0453125