8 0.3953125 0.8296875 0.0671875 0.06796875
5 0.409375 0.7671875 0.06640625 0.06484375
5 0.43828125 0.6875 0.0578125 0.06640625
6 0.4875 0.7671875 0.06171875 0.0703125
9 0.49765625 0.6125 0.03984375 0.075
9 0.584375 0.6359375 0.03828125 0.078125
6 0.53515625 0.66484375 0.04765625 0.07890625
3 0.45546875 0.25 0.03828125 0.06171875
1 0.4375 0.3421875 0.040625 0.06484375
1 0.5265625 0.29921875 0.0390625 0.059375
4 0.4796875 0.3328125 0.0390625 0.06015625
4 0.58125 0.40078125 0.034375 0.06640625
9 0.48515625 0.39375 0.0359375 0.06015625
7 0.51953125 0.4 0.034375 0.06484375
7 0.6046875 0.47109375 0.028125 0.071875
8 0.53046875 0.478125 0.02265625 0.0765625
2 0.575 0.4734375 0.03125 0.0734375
2 0.56484375 0.55390625 0.028125 0.0734375
3 0.59765625 0.5484375 0.02265625 0.0734375