8 0.30390625 0.79375 0.11640625 0.12578125
5 0.42734375 0.72890625 0.10390625 0.115625
5 0.49765625 0.584375 0.07734375 0.09765625
6 0.5484375 0.70390625 0.09609375 0.1171875
6 0.58671875 0.5484375 0.065625 0.1015625
9 0.5578125 0.47109375 0.0546875 0.0859375
9 0.66484375 0.50703125 0.05703125 0.09375
2 0.6484375 0.40234375 0.04375 0.07578125
3 0.70078125 0.39609375 0.0421875 0.071875
8 0.634375 0.3109375 0.03125 0.059375
2 0.68984375 0.29921875 0.03203125 0.059375
7 0.73359375 0.296875 0.0328125 0.059375
7 0.68515625 0.21640625 0.02890625 0.0484375
0 0.64921875 0.2015625 0.028125 0.0484375
4 0.734375 0.23828125 0.02890625 0.05
4 0.67890625 0.17265625 0.02734375 0.03984375
1 0.63359375 0.15625 0.0265625 0.040625
1 0.75625 0.16484375 0.02421875 0.040625
3 0.72265625 0.103125 0.02265625 0.0375