2 0.225 0.796875 0.2640625 0.18515625
2 0.28671875 0.86640625 0.2828125 0.18984375
8 0.621875 0.7328125 0.22265625 0.17265625
7 0.73203125 0.56015625 0.14453125 0.16328125
7 0.8515625 0.4109375 0.134375 0.15
6 0.5875 0.4890625 0.12734375 0.15859375
9 0.45703125 0.409375 0.159375 0.14375
1 0.44609375 0.32734375 0.1828125 0.134375
3 0.584375 0.3078125 0.171875 0.1328125
1 0.53984375 0.18125 0.2015625 0.1140625
4 0.33984375 0.2296875 0.203125 0.11875
9 0.2890625 0.16484375 0.21640625 0.10546875
3 0.13515625 0.12734375 0.2 0.09765625
0 0.07265625 0.2046875 0.1296875 0.11953125