5 0.25 0.84765625 0.20625 0.17265625
5 0.33671875 0.75 0.15 0.14453125
2 0.21953125 0.671875 0.1484375 0.12890625
8 0.60390625 0.73125 0.16015625 0.15078125
0 0.303125 0.6125 0.13515625 0.11796875
4 0.371875 0.51875 0.11640625 0.10234375
6 0.47734375 0.621875 0.1359375 0.12109375
3 0.53671875 0.57265625 0.1234375 0.11640625
1 0.7 0.5703125 0.11640625 0.11171875
8 0.5765625 0.51796875 0.10703125 0.10390625
1 0.45390625 0.434375 0.09765625 0.084375
4 0.4890625 0.378125 0.0890625 0.071875
0 0.58984375 0.359375 0.0765625 0.071875
3 0.7328125 0.4296875 0.08984375 0.08125
6 0.6640625 0.38359375 0.08671875 0.0703125
2 0.7453125 0.34921875 0.07890625 0.071875
9 0.65078125 0.31484375 0.075 0.06484375
9 0.74609375 0.31484375 0.07890625 0.04609375
7 0.6390625 0.44921875 0.09609375 0.09140625
7 0.609375 0.21796875 0.053125 0.05