8 0.4796875 0.846875 0.21953125 0.2109375
8 0.29296875 0.3890625 0.11875 0.12421875
6 0.4015625 0.59140625 0.1640625 0.15078125
6 0.7453125 0.5875 0.17265625 0.14296875
5 0.7890625 0.78203125 0.21484375 0.190625
5 0.73359375 0.70078125 0.18515625 0.1734375
2 0.6 0.6640625 0.17265625 0.1578125
2 0.259375 0.52265625 0.146875 0.14296875
7 0.56640625 0.54140625 0.153125 0.13046875
7 0.5515625 0.39375 0.12421875 0.11171875
9 0.65390625 0.47109375 0.1453125 0.12109375
9 0.38515625 0.365625 0.11015625 0.09921875
0 0.43125 0.44765625 0.1390625 0.11328125
0 0.64765625 0.275 0.09765625 0.08828125
3 0.15234375 0.4828125 0.1359375 0.12265625
3 0.44921875 0.2921875 0.1 0.08828125
1 0.20859375 0.41953125 0.12734375 0.09453125
1 0.26171875 0.25234375 0.09921875 0.08515625
4 0.2546875 0.33671875 0.109375 0.08984375
4 0.40234375 0.27265625 0.08203125 0.10546875