8 0.35 0.7171875 0.44921875 0.26015625
5 0.246875 0.61015625 0.38828125 0.2109375
5 0.26484375 0.490625 0.2890625 0.16171875
6 0.7328125 0.54453125 0.30859375 0.1984375
9 0.459375 0.3890625 0.1578125 0.1484375
6 0.7484375 0.4046875 0.16796875 0.1421875
9 0.93125 0.3625 0.13515625 0.14375
3 0.803125 0.29140625 0.15859375 0.11953125
2 0.67578125 0.30546875 0.14140625 0.115625
2 0.60078125 0.23984375 0.1671875 0.0984375
7 0.70546875 0.23359375 0.16328125 0.0890625
4 0.52109375 0.18984375 0.16484375 0.07890625
8 0.42421875 0.26875 0.15703125 0.10859375
7 0.28828125 0.2109375 0.1671875 0.09140625
0 0.16640625 0.21640625 0.1859375 0.0890625
1 0.1890625 0.146875 0.1765625 0.0734375
4 0.08125 0.178125 0.15546875 0.06875