1 0.790625 0.7890625 0.17109375 0.1203125
4 0.67421875 0.76953125 0.115625 0.09609375
2 0.465625 0.8234375 0.17265625 0.13984375
6 0.59765625 0.80625 0.1578125 0.1125
3 0.5703125 0.74140625 0.09609375 0.0671875
7 0.40234375 0.765625 0.12109375 0.09609375
9 0.46796875 0.73828125 0.09921875 0.0640625
6 0.4953125 0.7171875 0.06484375 0.0390625
9 0.46015625 0.715625 0.053125 0.03671875
3 0.36796875 0.72109375 0.08046875 0.0515625
8 0.3140625 0.75 0.084375 0.0765625
0 0.2484375 0.71875 0.06171875 0.0515625
5 0.26484375 0.809375 0.16953125 0.1265625
5 0.20625 0.78671875 0.0875 0.10390625
1 0.17109375 0.76953125 0.08203125 0.0953125
7 0.0734375 0.76171875 0.1046875 0.08515625
2 0.1234375 0.7421875 0.06171875 0.06953125
4 0.04765625 0.725 0.05703125 0.0546875
0 0.29609375 0.715625 0.0640625 0.02578125