8 0.2375 0.83828125 0.24921875 0.1765625
5 0.51640625 0.7875 0.21484375 0.15859375
1 0.2671875 0.49765625 0.0765625 0.08359375
5 0.38046875 0.71796875 0.1390625 0.13125
6 0.56953125 0.6796875 0.1171875 0.1328125
6 0.79921875 0.74375 0.1640625 0.1546875
9 0.7890625 0.63828125 0.1125 0.12109375
2 0.5671875 0.6015625 0.10703125 0.08359375
2 0.5734375 0.559375 0.09140625 0.08359375
9 0.36171875 0.65546875 0.11328125 0.1171875
8 0.3734375 0.58359375 0.096875 0.09609375
0 0.38203125 0.52109375 0.0765625 0.07734375
4 0.4328125 0.5046875 0.07109375 0.08125
4 0.66640625 0.5359375 0.0765625 0.0890625
7 0.5234375 0.525 0.0765625 0.0859375
3 0.72890625 0.59609375 0.10390625 0.10703125
7 0.72890625 0.55390625 0.0953125 0.07265625
1 0.69375 0.48515625 0.0765625 0.075
3 0.49296875 0.44375 0.0640625 0.07109375