4 0.565625 0.36328125 0.0921875 0.0703125
3 0.7125 0.4921875 0.09765625 0.06875
3 0.746875 0.43671875 0.09375 0.0671875
8 0.56328125 0.4171875 0.0921875 0.0625
1 0.54921875 0.46171875 0.09765625 0.0625
0 0.53203125 0.51171875 0.09765625 0.0671875
7 0.5234375 0.55859375 0.10078125 0.0703125
9 0.46796875 0.5890625 0.10625 0.071875
0 0.54609375 0.6421875 0.10625 0.08125
1 0.71015625 0.59140625 0.109375 0.0640625
6 0.70859375 0.6328125 0.10625 0.0796875
4 0.41796875 0.68828125 0.12734375 0.08125
7 0.3421875 0.71796875 0.1109375 0.0828125
8 0.71484375 0.72421875 0.11875 0.0828125
6 0.734375 0.7890625 0.11875 0.08125
2 0.57734375 0.78671875 0.121875 0.0875
5 0.6765625 0.8375 0.12890625 0.0890625
2 0.31796875 0.87421875 0.1453125 0.0859375
5 0.4125 0.89375 0.15546875 0.09765625